N    : 256\
total: 0.046687 s (0.718711 GFlops)\
error: 0.000016}
