N    : 256
total: 0.04725 s (7.101539 GFlops)
error: 0.000012
